#Values corrected for Galactic extinction
obsid	mjd	ab_mag	ab_mag_err	flux_dens	flux_dens_err	TDE/host
00033539001	56991.43	16.44	0.05	2.40e-15	1.06e-16	3.21
00033539002	56993.88	16.53	0.05	2.21e-15	1.02e-16	2.96
00033539003	56995.27	16.51	0.05	2.25e-15	1.02e-16	3.01
00033539004	56998.23	16.56	0.05	2.16e-15	1.01e-16	2.89
00033539005	57001.60	16.62	0.05	2.03e-15	9.69e-17	2.72
00033539006	57004.13	16.79	0.06	1.74e-15	9.66e-17	2.33
00033539007	57007.26	16.84	0.06	1.66e-15	8.67e-17	2.22
00033539008	57010.80	16.90	0.06	1.57e-15	8.34e-17	2.10
00033539009	57013.06	16.86	0.06	1.64e-15	8.61e-17	2.20
00033539010	57016.06	16.99	0.06	1.45e-15	8.11e-17	1.94
00033539011	57019.51	17.07	0.06	1.34e-15	7.60e-17	1.79
00033539012	57022.71	17.03	0.06	1.39e-15	8.01e-17	1.86
00033539014	57029.31	17.29	0.07	1.10e-15	6.67e-17	1.47
00033539015	57033.11	17.46	0.10	9.42e-16	8.55e-17	1.26
00033539016	57036.04	17.35	0.07	1.04e-15	7.17e-17	1.39
00033539017	57039.03	17.53	0.08	8.82e-16	6.59e-17	1.18
00033539018	57042.23	17.51	0.09	9.02e-16	7.45e-17	1.21
00033539019	57045.55	17.55	0.09	8.62e-16	6.87e-17	1.15
00033539020	57048.75	17.59	0.09	8.32e-16	6.70e-17	1.11
00033539021	57051.46	17.49	0.08	9.12e-16	6.69e-17	1.22
00033539022	57054.00	17.54	0.08	8.72e-16	6.43e-17	1.17
00033539023	57057.52	17.65	0.09	7.92e-16	6.23e-17	1.06
00033539024	57059.80	17.62	0.09	8.12e-16	6.55e-17	1.09
00033539025	57065.78	17.62	0.08	8.12e-16	6.21e-17	1.09
00033539026	57068.77	17.78	0.11	7.02e-16	7.25e-17	0.94
00033539027	57071.70	17.69	0.09	7.62e-16	6.33e-17	1.02
00033539028	57074.84	17.78	0.09	7.02e-16	6.06e-17	0.94
00033539029	57077.57	17.79	0.10	6.92e-16	6.28e-17	0.93
00033539030	57080.89	17.98	0.11	5.82e-16	5.66e-17	0.78
00033539032	57086.88	18.10	0.12	5.22e-16	5.95e-17	0.70
00033539033	57089.34	18.30	0.13	4.32e-16	5.12e-17	0.58
00033539034	57099.39	18.21	0.14	4.72e-16	6.15e-17	0.63
00033539035	57102.39	18.36	0.12	4.12e-16	4.72e-17	0.55
00033539036	-99.00	-99.00	-99.00	-9.90e+01	-9.90e+01	-99.00
00033539037	57108.77	18.59	0.14	3.32e-16	4.43e-17	0.44
00033539038	57111.90	18.50	0.13	3.62e-16	4.39e-17	0.48
00033539039	57114.09	18.56	0.15	3.42e-16	4.87e-17	0.46
00033539040	57117.69	18.69	0.15	3.02e-16	4.17e-17	0.40
00033539041	57120.28	18.66	0.15	3.12e-16	4.38e-17	0.42
00033539042	57123.55	18.89	0.18	2.52e-16	4.17e-17	0.34
00033539043	57126.14	19.08	0.21	2.11e-16	4.01e-17	0.28
00033539045	57129.20	18.73	0.17	2.92e-16	4.46e-17	0.39
00033539046	57132.46	19.12	0.27	2.03e-16	5.05e-17	0.27
00033539047	57136.12	19.15	0.24	1.99e-16	4.39e-17	0.27
00033539048	57139.32	19.01	0.20	2.25e-16	4.06e-17	0.30
00033539049	57147.57	19.34	0.26	1.66e-16	3.90e-17	0.22
00033539050	57150.23	18.91	0.17	2.48e-16	3.98e-17	0.33
00033539051	57153.42	19.11	0.21	2.06e-16	3.93e-17	0.28
00033539052	57156.35	19.20	0.25	1.90e-16	4.41e-17	0.25
00033539053	57173.04	19.25	0.25	1.81e-16	4.18e-17	0.24
00033539054	57176.10	18.85	0.18	2.62e-16	4.43e-17	0.35
00033539055	57179.36	18.66	0.29	3.12e-16	8.33e-17	0.42
00033539056	57182.09	19.19	0.29	1.91e-16	5.06e-17	0.26
00033539057	57185.97	19.70	0.39	1.19e-16	4.22e-17	0.16
00033539058	-99.00	-99.00	-99.00	-9.90e+01	-9.90e+01	-99.00
00033539059	57191.81	18.95	0.19	2.38e-16	4.20e-17	0.32
00033539060	57194.66	19.47	0.29	1.48e-16	3.90e-17	0.20
00033539061	57200.38	19.42	0.32	1.55e-16	4.58e-17	0.21
00033539062	57203.77	19.68	0.37	1.22e-16	4.16e-17	0.16
00033539063	57226.25	19.54	0.34	1.38e-16	4.28e-17	0.18
00033539064	57230.38	19.60	0.45	1.31e-16	5.45e-17	0.18
00033539065	57236.36	19.26	0.24	1.79e-16	4.04e-17	0.24
00033539066	57238.82	19.64	0.35	1.26e-16	4.03e-17	0.17
00033539067	57242.09	19.29	0.25	1.74e-16	4.08e-17	0.23
00033539068	57246.87	20.30	0.60	6.90e-17	3.82e-17	0.09
00033539069	57340.71	19.40	0.32	1.58e-16	4.59e-17	0.21
00033539070	57351.82	19.44	0.28	1.52e-16	3.88e-17	0.20
00033539071	57354.67	19.82	nan	1.07e-16	nan	0.14
00033539072	57357.33	20.45	0.66	6.00e-17	3.66e-17	0.08
00033539073	57360.19	19.72	nan	1.18e-16	nan	0.16
00033539074	57363.92	20.38	0.62	6.40e-17	3.68e-17	0.09
00033539075	57366.91	19.82	nan	1.07e-16	nan	0.14
00033539076	57369.84	19.86	0.40	1.03e-16	3.76e-17	0.14
00033539077	57372.22	19.61	0.33	1.30e-16	3.91e-17	0.17
00033539078	57375.54	20.14	0.55	8.00e-17	4.03e-17	0.11
00033539079	57378.14	20.12	0.60	8.10e-17	4.44e-17	0.11
00033539080	57383.21	18.22	nan	4.69e-16	nan	0.63
00033539082	57411.45	19.93	0.49	9.70e-17	4.35e-17	0.13
00033539084	57417.49	19.75	nan	1.14e-16	nan	0.15
00033539085	57423.00	19.72	0.52	1.17e-16	5.57e-17	0.16
00033539086	57426.47	19.35	nan	1.65e-16	nan	0.22
00033539087	57427.73	20.10	0.51	8.30e-17	3.89e-17	0.11
00033539088	57429.67	19.41	nan	1.57e-16	nan	0.21
00033539089	57432.79	19.95	0.47	9.50e-17	4.14e-17	0.13
00033539090	57435.71	19.62	0.34	1.29e-16	4.04e-17	0.17
00033539091	57519.78	19.38	0.34	1.61e-16	4.97e-17	0.22
00033539092	57522.51	20.58	0.93	5.30e-17	4.55e-17	0.07
00033539093	57526.69	19.66	0.44	1.24e-16	4.97e-17	0.17
00033539094	57542.65	19.63	0.36	1.27e-16	4.17e-17	0.17
00033539095	57545.46	19.14	nan	2.00e-16	nan	0.27
00033539096	57546.37	20.15	0.60	7.90e-17	4.35e-17	0.11
00033539097	57550.10	19.53	0.32	1.40e-16	4.15e-17	0.19
00033539098	57554.35	20.62	0.80	5.10e-17	3.76e-17	0.07
00033539099	57718.01	20.18	0.53	7.70e-17	3.74e-17	0.10
00033539100	57819.60	18.91	nan	2.46e-16	nan	0.33
00033539101	57820.40	20.01	0.56	9.00e-17	4.62e-17	0.12
00033539102	57821.94	20.12	0.69	8.10e-17	5.14e-17	0.11
00033539103	57826.85	19.47	nan	1.47e-16	nan	0.20
00033539104	57828.57	19.05	0.35	2.17e-16	7.02e-17	0.29
00033539105	57833.49	19.95	0.78	9.50e-17	6.84e-17	0.13
00033539106	-99.00	-99.00	-99.00	-9.90e+01	-9.90e+01	-99.00
00094094001	-99.00	-99.00	-99.00	-9.90e+01	-9.90e+01	-99.00
00094094002	-99.00	-99.00	-99.00	-9.90e+01	-9.90e+01	-99.00
00094094003	-99.00	-99.00	-99.00	-9.90e+01	-9.90e+01	-99.00
00094094004	-99.00	-99.00	-99.00	-9.90e+01	-9.90e+01	-99.00
00094094005	-99.00	-99.00	-99.00	-9.90e+01	-9.90e+01	-99.00
00094094006	-99.00	-99.00	-99.00	-9.90e+01	-9.90e+01	-99.00
00094094007	-99.00	-99.00	-99.00	-9.90e+01	-9.90e+01	-99.00
00094094009	-99.00	-99.00	-99.00	-9.90e+01	-9.90e+01	-99.00
00094094010	-99.00	-99.00	-99.00	-9.90e+01	-9.90e+01	-99.00
00094094011	-99.00	-99.00	-99.00	-9.90e+01	-9.90e+01	-99.00
00094094012	-99.00	-99.00	-99.00	-9.90e+01	-9.90e+01	-99.00
00094094013	-99.00	-99.00	-99.00	-9.90e+01	-9.90e+01	-99.00
00094094014	-99.00	-99.00	-99.00	-9.90e+01	-9.90e+01	-99.00
00094094015	-99.00	-99.00	-99.00	-9.90e+01	-9.90e+01	-99.00
00094094017	-99.00	-99.00	-99.00	-9.90e+01	-9.90e+01	-99.00
00094094018	-99.00	-99.00	-99.00	-9.90e+01	-9.90e+01	-99.00
00094094019	-99.00	-99.00	-99.00	-9.90e+01	-9.90e+01	-99.00
00094094020	-99.00	-99.00	-99.00	-9.90e+01	-9.90e+01	-99.00
00094094021	-99.00	-99.00	-99.00	-9.90e+01	-9.90e+01	-99.00
00094094022	-99.00	-99.00	-99.00	-9.90e+01	-9.90e+01	-99.00
00094094023	-99.00	-99.00	-99.00	-9.90e+01	-9.90e+01	-99.00
00095140001	58575.06	19.63	nan	1.28e-16	nan	0.17
00095140002	58582.75	19.23	0.53	1.84e-16	8.94e-17	0.25
00095140003	58585.81	19.92	0.65	9.80e-17	5.86e-17	0.13
00095140004	58589.41	19.67	nan	1.23e-16	nan	0.16
00095140005	58596.23	19.70	nan	1.20e-16	nan	0.16
00095140006	58603.28	19.51	nan	1.42e-16	nan	0.19
00095140007	58610.11	19.70	nan	1.19e-16	nan	0.16
00095140008	58616.55	20.41	0.72	6.20e-17	4.12e-17	0.08
00096017001	59550.11	19.96	nan	9.37e-17	nan	0.13
00096575001	59896.76	19.56	nan	1.36e-16	nan	0.18
00096575002	59926.39	19.69	nan	1.21e-16	nan	0.16
00096575003	59956.07	20.10	0.76	8.30e-17	5.79e-17	0.11
00096575004	59958.85	19.52	nan	1.41e-16	nan	0.19
00097657001	60535.02	19.12	nan	2.03e-16	nan	0.27
