#Values corrected for Galactic extinction
obsid	mjd	ab_mag	ab_mag_err	flux_dens	flux_dens_err	TDE/host
00033539001	56991.42	16.08	0.05	5.60e-15	2.36e-16	17.33
00033539002	56993.88	16.25	0.05	4.79e-15	2.01e-16	14.82
00033539003	56995.27	16.18	0.05	5.10e-15	2.12e-16	15.78
00033539004	56998.22	16.25	0.05	4.76e-15	2.07e-16	14.73
00033539005	57001.60	16.36	0.05	4.31e-15	1.83e-16	13.33
00033539006	57004.13	16.34	0.05	4.39e-15	1.92e-16	13.58
00033539007	57007.26	16.49	0.05	3.82e-15	1.66e-16	11.82
00033539008	57010.79	16.59	0.05	3.50e-15	1.53e-16	10.83
00033539009	57013.06	16.56	0.05	3.59e-15	1.57e-16	11.11
00033539010	57016.05	16.71	0.05	3.12e-15	1.41e-16	9.65
00033539011	57019.51	16.73	0.05	3.06e-15	1.37e-16	9.46
00033539012	57022.71	16.82	0.05	2.84e-15	1.31e-16	8.78
00033539014	57029.31	17.03	0.05	2.33e-15	1.08e-16	7.20
00033539015	57033.04	17.07	0.06	2.24e-15	1.14e-16	6.93
00033539016	57036.04	17.09	0.05	2.20e-15	1.08e-16	6.80
00033539017	57039.03	17.15	0.05	2.09e-15	1.04e-16	6.46
00033539018	57042.23	17.15	0.06	2.08e-15	1.10e-16	6.43
00033539019	57045.55	17.35	0.06	1.74e-15	9.37e-17	5.38
00033539020	57048.75	17.29	0.06	1.84e-15	9.65e-17	5.69
00033539021	57051.46	17.20	0.05	1.99e-15	1.00e-16	6.15
00033539022	57054.00	17.24	0.05	1.92e-15	9.69e-17	5.93
00033539023	57057.52	17.24	0.05	1.92e-15	9.66e-17	5.93
00033539024	57059.79	17.32	0.06	1.78e-15	9.38e-17	5.50
00033539025	57065.78	17.30	0.05	1.82e-15	9.13e-17	5.63
00033539026	57068.77	17.59	0.07	1.40e-15	8.83e-17	4.33
00033539027	57071.70	17.42	0.06	1.63e-15	8.73e-17	5.04
00033539028	57074.84	17.55	0.06	1.45e-15	8.02e-17	4.48
00033539029	57077.57	17.66	0.06	1.31e-15	7.69e-17	4.05
00033539030	57080.89	17.63	0.06	1.34e-15	7.55e-17	4.14
00033539032	57086.88	17.80	0.07	1.15e-15	7.25e-17	3.55
00033539033	57089.34	17.87	0.07	1.08e-15	6.50e-17	3.33
00033539034	57099.39	18.05	0.08	9.07e-16	6.92e-17	2.81
00033539035	57102.39	18.17	0.08	8.17e-16	5.75e-17	2.53
00033539036	57105.25	18.42	0.22	6.48e-16	1.30e-16	2.01
00033539037	57108.77	18.25	0.08	7.57e-16	5.48e-17	2.34
00033539038	57111.90	18.18	0.07	8.07e-16	5.55e-17	2.50
00033539039	57114.09	18.14	0.08	8.37e-16	6.27e-17	2.59
00033539040	57117.69	18.13	0.07	8.47e-16	5.63e-17	2.62
00033539041	57120.28	18.34	0.08	6.97e-16	5.27e-17	2.16
00033539042	57123.54	18.32	0.08	7.07e-16	5.24e-17	2.19
00033539043	57126.14	18.36	0.08	6.87e-16	5.11e-17	2.13
00033539045	57129.20	18.48	0.09	6.14e-16	5.11e-17	1.90
00033539046	57132.46	18.37	0.09	6.77e-16	5.55e-17	2.10
00033539047	57136.12	18.49	0.09	6.07e-16	5.27e-17	1.88
00033539048	57139.31	18.45	0.08	6.32e-16	4.93e-17	1.96
00033539049	57147.56	18.54	0.09	5.80e-16	4.76e-17	1.80
00033539050	57150.22	18.52	0.08	5.92e-16	4.63e-17	1.83
00033539051	57153.42	18.47	0.08	6.16e-16	4.79e-17	1.91
00033539052	57156.35	18.51	0.10	5.96e-16	5.30e-17	1.85
00033539053	57173.04	18.59	0.10	5.55e-16	4.91e-17	1.72
00033539054	57176.10	18.54	0.09	5.78e-16	5.01e-17	1.79
00033539055	57179.03	18.66	0.15	5.21e-16	7.21e-17	1.61
00033539056	57182.09	18.80	0.13	4.58e-16	5.38e-17	1.42
00033539057	57185.96	18.67	0.11	5.13e-16	4.98e-17	1.59
00033539058	-99.00	-99.00	-99.00	-9.90e+01	-9.90e+01	-99.00
00033539059	57191.81	18.75	0.10	4.77e-16	4.44e-17	1.48
00033539060	57194.66	18.58	0.09	5.61e-16	4.73e-17	1.74
00033539061	57200.38	18.55	0.10	5.73e-16	5.47e-17	1.77
00033539062	57203.77	18.74	0.11	4.82e-16	4.72e-17	1.49
00033539063	57226.25	18.75	0.11	4.76e-16	4.66e-17	1.47
00033539064	57230.38	18.94	0.15	4.01e-16	5.64e-17	1.24
00033539065	57236.36	18.86	0.11	4.33e-16	4.22e-17	1.34
00033539066	57238.82	19.09	0.12	3.49e-16	4.01e-17	1.08
00033539067	57242.09	18.76	0.10	4.73e-16	4.41e-17	1.46
00033539068	57246.87	18.88	0.11	4.24e-16	4.23e-17	1.31
00033539069	57340.70	19.02	0.12	3.74e-16	4.00e-17	1.16
00033539070	57351.81	18.85	0.10	4.35e-16	4.16e-17	1.35
00033539071	57354.67	19.28	0.13	2.94e-16	3.65e-17	0.91
00033539072	57357.33	18.85	0.10	4.35e-16	4.19e-17	1.35
00033539073	57360.18	19.37	0.16	2.69e-16	3.91e-17	0.83
00033539074	57363.92	19.17	0.13	3.26e-16	3.78e-17	1.01
00033539075	57366.90	19.26	0.13	3.00e-16	3.66e-17	0.93
00033539076	57369.83	19.34	0.14	2.77e-16	3.60e-17	0.86
00033539077	57372.22	19.11	0.12	3.43e-16	3.94e-17	1.06
00033539078	57375.54	19.21	0.14	3.12e-16	4.08e-17	0.97
00033539079	57378.08	18.97	0.13	3.89e-16	4.82e-17	1.20
00033539080	57383.20	19.08	0.17	3.53e-16	5.61e-17	1.09
00033539082	57411.45	19.30	0.16	2.88e-16	4.18e-17	0.89
00033539084	57417.49	19.22	0.14	3.09e-16	3.89e-17	0.96
00033539085	57423.00	19.09	0.18	3.50e-16	5.79e-17	1.08
00033539086	57426.47	19.48	0.26	2.44e-16	5.83e-17	0.76
00033539087	57427.72	18.95	0.12	3.98e-16	4.30e-17	1.23
00033539088	57429.67	18.81	0.15	4.54e-16	6.46e-17	1.41
00033539089	57432.79	19.30	0.15	2.88e-16	4.10e-17	0.89
00033539090	57435.71	19.22	0.14	3.11e-16	4.00e-17	0.96
00033539091	57519.78	18.99	0.13	3.82e-16	4.48e-17	1.18
00033539092	57522.50	19.36	0.16	2.73e-16	3.99e-17	0.85
00033539093	57526.69	18.97	0.13	3.91e-16	4.58e-17	1.21
00033539094	57542.65	19.40	0.16	2.63e-16	3.94e-17	0.81
00033539095	57545.46	19.24	0.25	3.03e-16	6.99e-17	0.94
00033539096	57546.37	19.28	0.16	2.94e-16	4.38e-17	0.91
00033539097	57550.10	19.14	0.13	3.35e-16	4.17e-17	1.04
00033539098	57554.35	19.03	0.12	3.70e-16	4.16e-17	1.15
00033539099	57718.01	19.08	0.12	3.51e-16	3.91e-17	1.09
00033539100	57819.60	19.30	0.26	2.87e-16	6.96e-17	0.89
00033539101	57820.40	19.30	0.15	2.87e-16	3.99e-17	0.89
00033539102	57821.94	19.23	0.16	3.06e-16	4.47e-17	0.95
00033539103	57826.84	18.99	0.13	3.84e-16	4.72e-17	1.19
00033539104	57828.56	19.28	0.20	2.92e-16	5.51e-17	0.90
00033539105	57833.49	19.09	0.19	3.50e-16	6.03e-17	1.08
00033539106	-99.00	-99.00	-99.00	-9.90e+01	-9.90e+01	-99.00
00094094001	58223.03	19.36	0.18	2.72e-16	4.53e-17	0.84
00094094002	58223.21	19.41	0.15	2.59e-16	3.53e-17	0.80
00094094003	58223.35	19.30	0.14	2.88e-16	3.65e-17	0.89
00094094004	58223.48	19.18	0.13	3.22e-16	3.77e-17	1.00
00094094005	58223.68	19.37	0.15	2.69e-16	3.67e-17	0.83
00094094006	58223.81	19.29	0.13	2.90e-16	3.57e-17	0.90
00094094007	58223.95	19.23	0.13	3.06e-16	3.67e-17	0.95
00094094009	58224.14	19.26	0.13	2.98e-16	3.69e-17	0.92
00094094010	58224.28	19.49	0.16	2.41e-16	3.48e-17	0.75
00094094011	58224.41	19.40	0.14	2.63e-16	3.48e-17	0.81
00094094012	58224.54	19.56	0.17	2.26e-16	3.46e-17	0.70
00094094013	58224.67	19.40	0.15	2.63e-16	3.54e-17	0.81
00094094014	58224.81	19.43	0.15	2.55e-16	3.48e-17	0.79
00094094015	58224.95	19.44	0.18	2.53e-16	4.13e-17	0.78
00094094017	58225.15	19.26	0.13	2.99e-16	3.62e-17	0.93
00094094018	58225.28	19.82	0.19	1.79e-16	3.10e-17	0.55
00094094019	58225.41	19.33	0.13	2.81e-16	3.45e-17	0.87
00094094020	58225.54	19.36	0.14	2.73e-16	3.41e-17	0.85
00094094021	58225.67	19.37	0.16	2.69e-16	3.85e-17	0.83
00094094022	58225.81	19.44	0.15	2.52e-16	3.47e-17	0.78
00094094023	-99.00	-99.00	-99.00	-9.90e+01	-9.90e+01	-99.00
00095140001	58575.06	19.45	0.19	2.50e-16	4.35e-17	0.77
00095140002	58582.68	19.58	0.19	2.22e-16	3.98e-17	0.69
00095140003	58585.81	19.88	0.25	1.69e-16	3.85e-17	0.52
00095140004	58589.40	19.25	0.15	3.01e-16	4.29e-17	0.93
00095140005	58596.23	19.72	0.22	1.96e-16	3.92e-17	0.61
00095140006	58603.28	19.46	0.22	2.49e-16	4.93e-17	0.77
00095140007	58610.11	19.73	0.21	1.94e-16	3.74e-17	0.60
00095140008	58616.55	20.03	0.27	1.47e-16	3.61e-17	0.46
00096017001	59550.10	19.57	0.14	2.25e-16	2.96e-17	0.70
00096575001	59896.76	19.92	0.28	1.62e-16	4.17e-17	0.50
00096575002	59926.38	20.00	0.29	1.51e-16	4.01e-17	0.47
00096575003	59956.07	19.71	0.29	1.98e-16	5.37e-17	0.61
00096575004	59958.85	20.64	0.53	8.40e-17	4.07e-17	0.26
00097657001	60535.02	19.87	0.44	1.71e-16	6.99e-17	0.53
